Default offset : 7021

L breast : 116
=> 7137
(15.013603210449219 -0.7744102478027344 3.6935815811157227 3.242142677307129)(0.019838973879814148 0.6352148652076721 0.2079441398382187 -0.7435507774353027)(0.9999998807907104 1.0000004768371582 0.9999997615814209 0.0)
p 53

RBreast : 189
-> 7210
(15.013603210449219 -0.7743964195251465 -3.6937217712402344 3.115419387817383)(0.01983909122645855 0.635215163230896 -0.20794443786144257 0.7435504198074341)(1.000000238418579 1.0000003576278687 0.9999998211860657 0.0)
p53

CLOTH g0 : 123
-> 7144

CLOTH g1 : 124
-> 7145


bone 1
(-0.5105529427528381 -0.72432541847229 0.2001514732837677 0.0)
(-0.3489782512187958 -0.24166858196258545 -0.41698166728019714 0.0)
(0.33487406373023987 -0.3416355848312378 -0.1293894201517105 0.0)
(0.23859310150146484 0.19100189208984375 0.20452213287353516 0.9999998807907104)

translate
(0.23859310150146484 0.19100189208984375 0.20452213287353516 0.9999998807907104)



bone 2
(0.44230926036834717 -0.17216865718364716 0.12956242263317108 0.0)
(-0.30793219804763794 -0.20889468491077423 0.3464619815349579 0.0)
(-0.3395875096321106 -0.6511164307594299 -0.14541269838809967 0.0)
(0.06540298461914062 0.05670166015625 0.11414337158203125 0.9999999403953552)

translate
(0.06540298461914062 0.05670166015625 0.11414337158203125 0.9999999403953552)

new translate
(1 1 1 0)

// L
(-0.5 -0.7 0.2 0)(-0.3 -0.2 -0.4 0)(0.3 -0.3 -0.1 0)(0.2 0.2 0.2 1)
* (0.2 0 0 1)
= 

// R
(0.5 -0.7 0.2 0)(-0.3 -0.2 0.4 0)(-0.3 -0.3 -0.1 0)(0.2 0.2 0.2 1)

// C
(1 0 0 0)(0 1 0 0)(0 0 1 0)()

(15.013603210449219 -0.7744102478027344 3.6935815811157227 3.242142677307129)
(0.019838973879814148 0.6352148652076721 0.2079441398382187 -0.7435507774353027)
(0.9999998807907104 1.0000004768371582 0.9999997615814209 0.0)

(15.013603210449219 -0.7743964195251465 -3.6937217712402344 3.115419387817383)
(0.01983909122645855 0.635215163230896 -0.20794443786144257 0.7435504198074341)
(1.000000238418579 1.0000003576278687 0.9999998211860657 0.0)
                

                (-0.13 -0.24 0.01 0.0)(-0.09 0.12 0.0 0.0)(-0.03 -0.06 -0.04 0.0)(1.0 0.1 -0.2 1.0)

                <hkobject>
                    <hkparam name="boneOffset">3392</hkparam>
                    <hkparam name="triangleOffset">198</hkparam>
                </hkobject>